U. of U hotel exercise EVAC 2  -  nightime evac  V2 - lognormal   
UNITS (1-METRIC,2-STD)      =1
SIZE (1-AUST,2-SOVIET,3-US) =1
SPEED (1-EMER,2-NORMAL)     =1
PATH (1-SHORTEST,2-DIRECTED)=2
SMOKE (1-CFAST,2-USER/NONE) =2
CONTRA (1-IF CONTRA FLOWS)  =0
OUTPUT (1-FULL,2-BRIEF)     =1
NUM OF STAIRWAYS (00-10)    =02
STAIR TRAVEL (1-DOWN, 2-UP) =1
RANDOM DELAY (1-Y,2-N) =1, PROB = 58
    DISTRIBUTION (1-UNIFORM, 2-LOGNORMAL) =2
    MIN OR STDDEV  =  19, MAX OR MEAN    =  42.
  101   2.1   0.9   4.8  134
  102   2.1   0.9   3.6  134
  103   2.1   0.9   3.2  134
  104   2.1   0.9   4.3  134
  105   2.1   0.9   2.1  135
  106   2.1   0.9   3.2  135
  107   2.1   0.9   3.1  135
  108   2.1   0.9   4.6  135
  109   2.1   0.9   5.3  137
  110   2.1   0.9   4.3  137
  111   2.1   0.9   2.5  137
  114   2.1   0.9   4.3  138
  115   2.1   0.9   2.9  138
  116   2.1   0.9   3.9  138
  117   2.1   0.9   5.0  138
  118   2.1   0.9   5.0  138
  119   2.1   0.9   3.9  138
  120   2.1   0.9   2.9  138
  121   2.1   0.9   4.4  138
  123   2.1   0.9   2.5  137
  124   2.1   0.9   4.3  137
  125   2.1   0.9   5.3  137
  126   2.1   0.9   4.6  135
  127   2.1   0.9   3.1  135
  129   2.1   0.9   2.1  135
  131   2.1   0.9   3.2  134
  132   2.1   0.9   3.6  134
  133   2.1   0.9   4.8  134
  134   7.5   1.2   7.1  135
  135   7.1   1.2   1.4  136
  136   1.4   1.2   8.7  137
  136   1.0   1.2   2.0  139
  136   1.0   1.2   1.0  199
  137   8.7   1.2   7.1  138
  138   7.1   1.2   4.5  000
  139   2.0   1.2   4.5  000
  199   6.0   1.4   6.0  299
  201   2.1   0.9   3.6  234
  202   2.1   0.9   3.2  234
  203   2.1   0.9   4.3  234
  206   2.1   0.9   3.1  235
  207   2.1   0.9   4.6  235
  208   2.1   0.9   5.3  237
  210   2.1   0.9   2.5  237
  211   2.1   0.9   3.6  237
  212   2.1   0.9   4.3  238
  214   2.1   0.9   2.9  238
  215   2.1   0.9   3.9  238
  216   2.1   0.9   5.0  238
  217   2.1   0.9   5.0  238
  218   2.1   0.9   3.9  238
  219   2.1   0.9   2.9  238
  220   2.1   0.9   4.4  238
  221   2.1   0.9   3.6  237
  222   2.1   0.9   2.5  237
  225   2.1   0.9   4.6  235
  226   2.1   0.9   3.1  235
  227   2.1   0.9   3.2  235
  228   2.1   0.9   2.1  235
  234   7.5   1.2   7.1  235
  235   7.1   1.2   1.4  236
  236   1.4   1.2   8.7  237
  236   1.0   1.2   1.0  299
  237   8.7   1.2   7.1  238
  238   7.1   1.2   1.8  298
  298   4.0   1.4   4.0  000 
99999   0.0   0.0   0.0  000
  101 14.3   2.7  100    2    1    0  54.0  134
 0.36
  102 14.3   2.7  100    2    0    0  11.0  134
  103 14.3   2.7  100    2    0    0  12.0  134
  104 14.3   2.7  100    2    0    0  11.0  134
  105 14.3   2.7  100    2    0    0  13.0  135
  106 14.3   2.7  100    2    0    0   9.0  135
  107 14.3   2.7  100    2    0    0   9.0  135
  108 14.3   2.7  100    2    0    0   8.0  135
  109 14.3   2.7  100    2    1    0  24.0  137
 0.65
  110 14.3   2.7  100    2    0    0  27.0  137
  111 14.3   2.7  100    2    0    0  19.0  137
  114 14.3   2.7  100    3    0    0  16.0  138
  115 14.3   2.7  100    2    0    0  78.0  138
  116 14.3   2.7  100    2    0    0  24.0  138
  117 14.3   2.7  100    2    0    0  33.0  138
  118 14.3   2.7  100    2    0    0  64.0  138
  119 14.3   2.7  100    2    0    0  35.0  138
  120 14.3   2.7  100    2    0    0  30.0  138
  121 14.3   2.7  100    2    0    0  16.0  138  
  123 14.3   2.7  100    2    0    0  15.0  137
  124 14.3   2.7  100    2    0    0   5.0  137
  125 14.3   2.7  100    2    1    0  28.0  137
 0.50
  126 14.3   2.7  100    2    1    0   7.0  135
 2.66
  127 14.3   2.7  100    2    0    0  14.0  135
  129 14.3   2.7  100    3    0    0  11.0  135
  131 14.3   2.7  100    2    0    0   6.0  134
  132 14.3   2.7  100    2    0    0  14.0  134
  133 14.3   2.7  100    2    1    0  48.0  134
 0.36
  134 30.0   2.7  100    0    0    0   0.0  135
  135 28.4   2.7  100    0    0    0   0.0  136
  136  5.6   2.7  100    0    0    0   0.0  139
  137 34.8   2.7  100    0    0    0   0.0  138
  138 28.4   2.7  100    0    0    1   0.0  000
  139 10.0   2.7  100    0    0    1   0.0  000
  199 37.2   2.7  100    0    0    0   0.0  136
  201 14.3   2.7  100    3    0    0  24.0  234
  202 14.3   2.7  100    3    0    0  17.0  234
  203 14.3   2.7  100    3    0    0  13.0  234
  206 14.3   2.7  100    2    0    0  18.0  235
  207 14.3   2.7  100    2    1    0  43.0  235
 2.73
  208 14.3   2.7  100    3    0    0  29.0  237
  210 14.3   2.7  100    2    0    0  14.0  237
  211 14.3   2.7  100    2    0    0  24.0  237
  212 14.3   2.7  100    2    0    0  23.0  238
  214 14.3   2.7  100    2    0    0  18.0  238
  215 14.3   2.7  100    2    0    0  10.0  238
  216 14.3   2.7  100    2    0    0  12.0  238
  217 14.3   2.7  100    2    0    0  18.0  238
  218 14.3   2.7  100    2    1    0  40.0  238
 1.72
  219 14.3   2.7  100    3    0    0  16.0  238
  220 14.3   2.7  100    2    0    0  18.0  238
  221 14.3   2.7  100    2    0    0   9.0  237
  222 14.3   2.7  100    2    0    0  14.0  237
  225 14.3   2.7  100    2    0    0  13.0  235
  226 14.3   2.7  100    3    0    0  11.0  235
  227 14.3   2.7  100    3    0    0  19.0  235
  228 14.3   2.7  100    3    0    0  15.0  235
  234 30.0   2.7  100    0    0    0   0.0  235  
  235 28.4   2.7  100    0    0    0   0.0  236
  236  5.6   2.7  100    0    0    0   0.0  237
  237 34.8   2.7  100    0    0    0   0.0  238
  238 28.4   2.7  100    0    0    0   0.0  298
  298 37.2   2.7  100    0    0    1   0.0  000
  299 37.2   2.7  100    0    0    1   0.0  199
9999999999
