(text line) San Jose Marriott hotel exercise emergency speed                   
UNITS (1-METRIC,2-STD)      =1
SIZE (1-AUST,2-SOVIET,3-US) =3
SPEED (1-EMER,2-NORMAL)     =2
PATH (1-SHORTEST,2-DIRECTED)=1
SMOKE (1-CFAST,2-USER/NONE) =2
CONTRA (1-IF CONTRA FLOWS)  =0
OUTPUT (1-FULL,2-BRIEF)     =1
NUM OF STAIRWAYS (00-10)    =02
STAIR TRAVEL (1-DOWN, 2-UP) =1
RANDOM DELAY (1-Y,2-N) =2, PROB =100
    DISTRIBUTION (1-UNIFORM, 2-LOGNORMAL) =2
    MIN OR STDEV   =19  , MAX OR MEAN    =42  
  198   2.0   3.7  15.5    0
  199   2.0   3.7  15.5    0
  201  22.0   3.0  28.0  221
  202  16.0   3.0  22.0  221
  208  12.0   3.0  22.0  221
  209  24.0   3.0  28.0  221
  203  14.0   6.0  10.0  221
  204  13.0   3.0  21.5  222
  205  13.0   3.0  13.5  224
  206  13.0   3.0   8.5  225
  207  26.0   3.0   9.0  225
  220  26.0   3.0   6.5  225
  219  13.0   3.0   7.5  225
  218  13.0   3.0  13.5  224
  217  13.0   3.0   3.5  224
  216  13.0   3.0  21.5  224
  215  13.0   3.0  11.5  223
  221  14.0   7.0  14.0  222
  222  18.0   7.0  18.0  223
  223  18.0   7.0  18.0  224
  224  16.0   7.0  16.0  225
  225  10.5   3.0   3.0  227
  227   3.0   3.0   2.0  299
  214  13.0   3.0  13.5  223
  213  13.0   3.0  21.5  222
  212  13.0   3.0   3.5  222
  211  13.0   3.0  13.5  222
  210  13.0   3.0   3.5  221
  221  15.0   3.0   3.0  226
  226   3.0   3.0   2.0  298
  301  22.0   3.0  28.0  325
  302  16.0   3.0  22.0  325
  311  12.0   3.0  22.0  325
  312  24.0   3.0  28.0  325
  303  13.0   3.0   3.5  325
  304  13.0   3.0  13.5  326
  305  13.0   3.0   3.5  326
  306  13.0   3.0  21.5  326
  307  13.0   3.0  13.5  328
  308  13.0   3.0   7.5  329
  309  14.0   3.0   4.0  332
  310  10.0   3.0   4.0  332
  332   4.0   3.0  15.5  329
  323  14.0   3.0   6.0  333
  324  16.0   3.0   6.0  333
  333   7.0   3.0  10.5  329
  322  13.0   3.0   7.5  329
  321  13.0   3.0  13.5  328
  320  13.0   3.0   3.5  328
  319  13.0   3.0  21.5  328
  318  13.0   3.0  13.5  327
  325  14.0   7.0  14.0  326
  326  18.0   7.0  18.0  327
  327  18.0   7.0  18.0  328
  328  16.0   7.0  16.0  329
  329  10.5   3.0   3.0  331
  331   3.0   3.0   2.0  399
  317  13.0   3.0  13.5  327
  316  13.0   3.0  21.5  326
  315  13.0   3.0   3.5  326
  314  13.0   3.0  13.5  326
  313  13.0   3.0   3.5  325
  325  15.0   3.0   3.0  330
  330   3.0   3.0   2.0  398
  401  22.0   3.0  28.0  425
  402  16.0   3.0  22.0  425
  411  12.0   3.0  22.0  425
  412  24.0   3.0  28.0  425
  403  13.0   3.0   3.5  425
  404  13.0   3.0  13.5  426
  405  13.0   3.0   3.5  426
  406  13.0   3.0  21.5  426
  407  13.0   3.0  13.5  428
  408  13.0   3.0   7.5  429
  409  14.0   3.0   4.0  432
  410  10.0   3.0   4.0  432
  432   4.0   3.0  15.5  429
  423  14.0   3.0   6.0  433
  424  16.0   3.0   6.0  433
  433   7.0   3.0  10.5  429
  422  13.0   3.0   7.5  429
  421  13.0   3.0  13.5  428
  420  13.0   3.0   3.5  428
  419  13.0   3.0  21.5  428
  418  13.0   3.0  13.5  427
  425  14.0   7.0  14.0  426
  426  18.0   7.0  18.0  427
  427  18.0   7.0  18.0  428
  428  16.0   7.0  16.0  429
  429  10.5   3.0   3.0  431
  431   3.0   3.0   2.0  499
  417  13.0   3.0  13.5  427
  416  13.0   3.0  21.5  426
  415  13.0   3.0   3.5  426
  414  13.0   3.0  13.5  426
  413  13.0   3.0   3.5  425
  425  15.0   3.0   3.0  430
  430   3.0   3.0   2.0  498
  501  22.0   3.0  28.0  525
  502  16.0   3.0  22.0  525
  511  12.0   3.0  22.0  525
  512  24.0   3.0  28.0  525
  503  13.0   3.0   3.5  525
  504  13.0   3.0  13.5  526
  505  13.0   3.0   3.5  526
  506  13.0   3.0  21.5  526
  507  13.0   3.0  13.5  528
  508  13.0   3.0   7.5  529
  509  14.0   3.0   4.0  532
  510  10.0   3.0   4.0  532
  532   4.0   3.0  15.5  529
  523  14.0   3.0   6.0  533
  524  16.0   3.0   6.0  533
  533   7.0   3.0  10.5  529
  522  13.0   3.0   7.5  529
  521  13.0   3.0  13.5  528
  520  13.0   3.0   3.5  528
  519  13.0   3.0  21.5  528
  518  13.0   3.0  13.5  527
  525  14.0   7.0  14.0  526
  526  18.0   7.0  18.0  527
  527  18.0   7.0  18.0  528
  528  16.0   7.0  16.0  529
  529  10.5   3.0   3.0  531
  531   3.0   3.0   2.0  599
  517  13.0   3.0  13.5  527
  516  13.0   3.0  21.5  526
  515  13.0   3.0   3.5  526
  514  13.0   3.0  13.5  526
  513  13.0   3.0   3.5  525
  525  15.0   3.0   3.0  530
  530   3.0   3.0   2.0  598
  601  22.0   3.0  28.0  625
  602  16.0   3.0  22.0  625
  611  12.0   3.0  22.0  625
  612  24.0   3.0  28.0  625
  603  13.0   3.0   3.5  625
  604  13.0   3.0  13.5  626
  605  13.0   3.0   3.5  626
  606  13.0   3.0  21.5  626
  607  13.0   3.0  13.5  628
  608  13.0   3.0   7.5  629
  609  14.0   3.0   4.0  632
  610  10.0   3.0   4.0  632
  632   4.0   3.0  15.5  629
  623  14.0   3.0   6.0  633
  624  16.0   3.0   6.0  633
  633   7.0   3.0  10.5  629
  622  13.0   3.0   7.5  629
  621  13.0   3.0  13.5  628
  620  13.0   3.0   3.5  628
  619  13.0   3.0  21.5  628
  618  13.0   3.0  13.5  627
  625  14.0   7.0  14.0  626
  626  18.0   7.0  18.0  627
  627  18.0   7.0  18.0  628
  628  16.0   7.0  16.0  629
  629  10.5   3.0   3.0  631
  631   3.0   3.0   2.0  699
  617  13.0   3.0  13.5  627
  616  13.0   3.0  21.5  626
  615  13.0   3.0   3.5  626
  614  13.0   3.0  13.5  626
  613  13.0   3.0   3.5  625
  625  15.0   3.0   3.0  630
  630   3.0   3.0   2.0  698
  701  22.0   3.0  28.0  725
  702  16.0   3.0  22.0  725
  711  12.0   3.0  22.0  725
  712  24.0   3.0  28.0  725
  703  13.0   3.0   3.5  725
  704  13.0   3.0  13.5  726
  705  13.0   3.0   3.5  726
  706  13.0   3.0  21.5  726
  707  13.0   3.0  13.5  728
  708  13.0   3.0   7.5  729
  709  14.0   3.0   4.0  732
  710  10.0   3.0   4.0  732
  732   4.0   3.0  15.5  729
  723  14.0   3.0   6.0  733
  724  16.0   3.0   6.0  733
  733   7.0   3.0  10.5  729
  722  13.0   3.0   7.5  729
  721  13.0   3.0  13.5  728
  720  13.0   3.0   3.5  728
  719  13.0   3.0  21.5  728
  718  13.0   3.0  13.5  727
  725  14.0   7.0  14.0  726
  726  18.0   7.0  18.0  727
  727  18.0   7.0  18.0  728
  728  16.0   7.0  16.0  729
  729  10.5   3.0   3.0  731
  731   3.0   3.0   2.0  799
  717  13.0   3.0  13.5  727
  716  13.0   3.0  21.5  726
  715  13.0   3.0   3.5  726
  714  13.0   3.0  13.5  726
  713  13.0   3.0   3.5  725
  725  15.0   3.0   3.0  730
  730   3.0   3.0   2.0  798
  801  22.0   3.0  28.0  825
  802  16.0   3.0  22.0  825
  811  12.0   3.0  22.0  825
  812  24.0   3.0  28.0  825
  803  13.0   3.0   3.5  825
  804  13.0   3.0  13.5  826
  805  13.0   3.0   3.5  826
  806  13.0   3.0  21.5  826
  807  13.0   3.0  13.5  828
  808  13.0   3.0   7.5  829
  809  14.0   3.0   4.0  832
  810  10.0   3.0   4.0  832
  832   4.0   3.0  15.5  829
  823  14.0   3.0   6.0  833
  824  16.0   3.0   6.0  833
  833   7.0   3.0  10.5  829
  822  13.0   3.0   7.5  829
  821  13.0   3.0  13.5  828
  820  13.0   3.0   3.5  828
  819  13.0   3.0  21.5  828
  818  13.0   3.0  13.5  827
  825  14.0   7.0  14.0  826
  826  18.0   7.0  18.0  827
  827  18.0   7.0  18.0  828
  828  16.0   7.0  16.0  829
  829  10.5   3.0   3.0  831
  831   3.0   3.0   2.0  899
  817  13.0   3.0  13.5  827
  816  13.0   3.0  21.5  826
  815  13.0   3.0   3.5  826
  814  13.0   3.0  13.5  826
  813  13.0   3.0   3.5  825
  825  15.0   3.0   3.0  830
  830   3.0   3.0   2.0  898
  901  22.0   3.0  28.0  925
  902  16.0   3.0  22.0  925
  911  12.0   3.0  22.0  925
  912  24.0   3.0  28.0  925
  903  13.0   3.0   3.5  925
  904  13.0   3.0  13.5  926
  905  13.0   3.0   3.5  926
  906  13.0   3.0  21.5  926
  907  13.0   3.0  13.5  928
  908  13.0   3.0   7.5  929
  909  14.0   3.0   4.0  932
  910  10.0   3.0   4.0  932
  932   4.0   3.0  15.5  929
  923  14.0   3.0   6.0  933
  924  16.0   3.0   6.0  933
  933   7.0   3.0  10.5  929
  922  13.0   3.0   7.5  929
  921  13.0   3.0  13.5  928
  920  13.0   3.0   3.5  928
  919  13.0   3.0  21.5  928
  918  13.0   3.0  13.5  927
  925  14.0   7.0  14.0  926
  926  18.0   7.0  18.0  927
  927  18.0   7.0  18.0  928
  928  16.0   7.0  16.0  929
  929  10.5   3.0   3.0  931
  931   3.0   3.0   2.0  999
  917  13.0   3.0  13.5  927
  916  13.0   3.0  21.5  926
  915  13.0   3.0   3.5  926
  914  13.0   3.0  13.5  926
  913  13.0   3.0   3.5  925
  925  15.0   3.0   3.0  930
  930   3.0   3.0   2.0  998
 1001  22.0   3.0  28.0 1025
 1002  16.0   3.0  22.0 1025
 1011  12.0   3.0  22.0 1025
 1012  24.0   3.0  28.0 1025
 1003  13.0   3.0   3.5 1025
 1004  13.0   3.0  13.5 1026
 1005  13.0   3.0   3.5 1026
 1006  13.0   3.0  21.5 1026
 1007  13.0   3.0  13.5 1028
 1008  13.0   3.0   7.5 1029
 1009  14.0   3.0   4.0 1032
 1010  10.0   3.0   4.0 1032
 1032   4.0   3.0  15.5 1029
 1023  14.0   3.0   6.0 1033
 1024  16.0   3.0   6.0 1033
 1033   7.0   3.0  10.5 1029
 1022  13.0   3.0   7.5 1029
 1021  13.0   3.0  13.5 1028
 1020  13.0   3.0   3.5 1028
 1019  13.0   3.0  21.5 1028
 1018  13.0   3.0  13.5 1027
 1025  14.0   7.0  14.0 1026
 1026  18.0   7.0  18.0 1027
 1027  18.0   7.0  18.0 1028
 1028  16.0   7.0  16.0 1029
 1029  10.5   3.0   3.0 1031
 1031   3.0   3.0   2.0 1099
 1017  13.0   3.0  13.5 1027
 1016  13.0   3.0  21.5 1026
 1015  13.0   3.0   3.5 1026
 1014  13.0   3.0  13.5 1026
 1013  13.0   3.0   3.5 1025
 1025  15.0   3.0   3.0 1030
 1030   3.0   3.0   2.0 1098
 1101  22.0   3.0  28.0 1125
 1102  16.0   3.0  22.0 1125
 1111  12.0   3.0  22.0 1125
 1112  24.0   3.0  28.0 1125
 1103  13.0   3.0   3.5 1125
 1104  13.0   3.0  13.5 1126
 1105  13.0   3.0   3.5 1126
 1106  13.0   3.0  21.5 1126
 1107  13.0   3.0  13.5 1128
 1108  13.0   3.0   7.5 1129
 1109  14.0   3.0   4.0 1132
 1110  10.0   3.0   4.0 1132
 1132   4.0   3.0  15.5 1129
 1123  14.0   3.0   6.0 1133
 1124  16.0   3.0   6.0 1133
 1133   7.0   3.0  10.5 1129
 1122  13.0   3.0   7.5 1129
 1121  13.0   3.0  13.5 1128
 1120  13.0   3.0   3.5 1128
 1119  13.0   3.0  21.5 1128
 1118  13.0   3.0  13.5 1127
 1125  14.0   7.0  14.0 1126
 1126  18.0   7.0  18.0 1127
 1127  18.0   7.0  18.0 1128
 1128  16.0   7.0  16.0 1129
 1129  10.5   3.0   3.0 1131
 1131   3.0   3.0   2.0 1199
 1117  13.0   3.0  13.5 1127
 1116  13.0   3.0  21.5 1126
 1115  13.0   3.0   3.5 1126
 1114  13.0   3.0  13.5 1126
 1113  13.0   3.0   3.5 1125
 1125  15.0   3.0   3.0 1130
 1130   3.0   3.0   2.0 1198
 1201  22.0   3.0  28.0 1225
 1202  16.0   3.0  22.0 1225
 1211  12.0   3.0  22.0 1225
 1212  24.0   3.0  28.0 1225
 1203  13.0   3.0   3.5 1225
 1204  13.0   3.0  13.5 1226
 1205  13.0   3.0   3.5 1226
 1206  13.0   3.0  21.5 1226
 1207  13.0   3.0  13.5 1228
 1208  13.0   3.0   7.5 1229
 1209  14.0   3.0   4.0 1232
 1210  10.0   3.0   4.0 1232
 1232   4.0   3.0  15.5 1229
 1223  14.0   3.0   6.0 1233
 1224  16.0   3.0   6.0 1233
 1233   7.0   3.0  10.5 1229
 1222  13.0   3.0   7.5 1229
 1221  13.0   3.0  13.5 1228
 1220  13.0   3.0   3.5 1228
 1219  13.0   3.0  21.5 1228
 1218  13.0   3.0  13.5 1227
 1225  14.0   7.0  14.0 1226
 1226  18.0   7.0  18.0 1227
 1227  18.0   7.0  18.0 1228
 1228  16.0   7.0  16.0 1229
 1229  10.5   3.0   3.0 1231
 1231   3.0   3.0   2.0 1299
 1217  13.0   3.0  13.5 1227
 1216  13.0   3.0  21.5 1226
 1215  13.0   3.0   3.5 1226
 1214  13.0   3.0  13.5 1226
 1213  13.0   3.0   3.5 1225
 1225  15.0   3.0   3.0 1230
 1230   3.0   3.0   2.0 1298
 1301  22.0   3.0  28.0 1325
 1302  16.0   3.0  22.0 1325
 1311  12.0   3.0  22.0 1325
 1312  24.0   3.0  28.0 1325
 1303  13.0   3.0   3.5 1325
 1304  13.0   3.0  13.5 1326
 1305  13.0   3.0   3.5 1326
 1306  13.0   3.0  21.5 1326
 1307  13.0   3.0  13.5 1328
 1308  13.0   3.0   7.5 1329
 1309  14.0   3.0   4.0 1332
 1310  10.0   3.0   4.0 1332
 1332   4.0   3.0  15.5 1329
 1323  14.0   3.0   6.0 1333
 1324  16.0   3.0   6.0 1333
 1333   7.0   3.0  10.5 1329
 1322  13.0   3.0   7.5 1329
 1321  13.0   3.0  13.5 1328
 1320  13.0   3.0   3.5 1328
 1319  13.0   3.0  21.5 1328
 1318  13.0   3.0  13.5 1327
 1325  14.0   7.0  14.0 1326
 1326  18.0   7.0  18.0 1327
 1327  18.0   7.0  18.0 1328
 1328  16.0   7.0  16.0 1329
 1329  10.5   3.0   3.0 1331
 1331   3.0   3.0   2.0 1399
 1317  13.0   3.0  13.5 1327
 1316  13.0   3.0  21.5 1326
 1315  13.0   3.0   3.5 1326
 1314  13.0   3.0  13.5 1326
 1313  13.0   3.0   3.5 1325
 1325  15.0   3.0   3.0 1330
 1330   3.0   3.0   2.0 1398
 1401  22.0   3.0  28.0 1425
 1402  16.0   3.0  22.0 1425
 1411  12.0   3.0  22.0 1425
 1412  24.0   3.0  28.0 1425
 1403  13.0   3.0   3.5 1425
 1404  13.0   3.0  13.5 1426
 1405  13.0   3.0   3.5 1426
 1406  13.0   3.0  21.5 1426
 1407  13.0   3.0  13.5 1428
 1408  13.0   3.0   7.5 1429
 1409  14.0   3.0   4.0 1432
 1410  10.0   3.0   4.0 1432
 1432   4.0   3.0  15.5 1429
 1423  14.0   3.0   6.0 1433
 1424  16.0   3.0   6.0 1433
 1433   7.0   3.0  10.5 1429
 1422  13.0   3.0   7.5 1429
 1421  13.0   3.0  13.5 1428
 1420  13.0   3.0   3.5 1428
 1419  13.0   3.0  21.5 1428
 1418  13.0   3.0  13.5 1427
 1425  14.0   7.0  14.0 1426
 1426  18.0   7.0  18.0 1427
 1427  18.0   7.0  18.0 1428
 1428  16.0   7.0  16.0 1429
 1429  10.5   3.0   3.0 1431
 1431   3.0   3.0   2.0 1499
 1417  13.0   3.0  13.5 1427
 1416  13.0   3.0  21.5 1426
 1415  13.0   3.0   3.5 1426
 1414  13.0   3.0  13.5 1426
 1413  13.0   3.0   3.5 1425
 1425  15.0   3.0   3.0 1430
 1430   3.0   3.0   2.0 1498
 1501  22.0   3.0  28.0 1525
 1502  16.0   3.0  22.0 1525
 1511  12.0   3.0  22.0 1525
 1512  24.0   3.0  28.0 1525
 1503  13.0   3.0   3.5 1525
 1504  13.0   3.0  13.5 1526
 1505  13.0   3.0   3.5 1526
 1506  13.0   3.0  21.5 1526
 1507  13.0   3.0  13.5 1528
 1508  13.0   3.0   7.5 1529
 1509  14.0   3.0   4.0 1532
 1510  10.0   3.0   4.0 1532
 1532   4.0   3.0  15.5 1529
 1523  14.0   3.0   6.0 1533
 1524  16.0   3.0   6.0 1533
 1533   7.0   3.0  10.5 1529
 1522  13.0   3.0   7.5 1529
 1521  13.0   3.0  13.5 1528
 1520  13.0   3.0   3.5 1528
 1519  13.0   3.0  21.5 1528
 1518  13.0   3.0  13.5 1527
 1525  14.0   7.0  14.0 1526
 1526  18.0   7.0  18.0 1527
 1527  18.0   7.0  18.0 1528
 1528  16.0   7.0  16.0 1529
 1529  10.5   3.0   3.0 1531
 1531   3.0   3.0   2.0 1599
 1517  13.0   3.0  13.5 1527
 1516  13.0   3.0  21.5 1526
 1515  13.0   3.0   3.5 1526
 1514  13.0   3.0  13.5 1526
 1513  13.0   3.0   3.5 1525
 1525  15.0   3.0   3.0 1530
 1530   3.0   3.0   2.0 1598
 1601  22.0   3.0  28.0 1625
 1602  16.0   3.0  22.0 1625
 1611  12.0   3.0  22.0 1625
 1612  24.0   3.0  28.0 1625
 1603  13.0   3.0   3.5 1625
 1604  13.0   3.0  13.5 1626
 1605  13.0   3.0   3.5 1626
 1606  13.0   3.0  21.5 1626
 1607  13.0   3.0  13.5 1628
 1608  13.0   3.0   7.5 1629
 1609  14.0   3.0   4.0 1632
 1610  10.0   3.0   4.0 1632
 1632   4.0   3.0  15.5 1629
 1623  14.0   3.0   6.0 1633
 1624  16.0   3.0   6.0 1633
 1633   7.0   3.0  10.5 1629
 1622  13.0   3.0   7.5 1629
 1621  13.0   3.0  13.5 1628
 1620  13.0   3.0   3.5 1628
 1619  13.0   3.0  21.5 1628
 1618  13.0   3.0  13.5 1627
 1625  14.0   7.0  14.0 1626
 1626  18.0   7.0  18.0 1627
 1627  18.0   7.0  18.0 1628
 1628  16.0   7.0  16.0 1629
 1629  10.5   3.0   3.0 1631
 1631   3.0   3.0   2.0 1699
 1617  13.0   3.0  13.5 1627
 1616  13.0   3.0  21.5 1626
 1615  13.0   3.0   3.5 1626
 1614  13.0   3.0  13.5 1626
 1613  13.0   3.0   3.5 1625
 1625  15.0   3.0   3.0 1630
 1630   3.0   3.0   2.0 1698
 1701  22.0   3.0  28.0 1725
 1702  16.0   3.0  22.0 1725
 1711  12.0   3.0  22.0 1725
 1712  24.0   3.0  28.0 1725
 1703  13.0   3.0   3.5 1725
 1704  13.0   3.0  13.5 1726
 1705  13.0   3.0   3.5 1726
 1706  13.0   3.0  21.5 1726
 1707  13.0   3.0  13.5 1728
 1708  13.0   3.0   7.5 1729
 1709  14.0   3.0   4.0 1732
 1710  10.0   3.0   4.0 1732
 1732   4.0   3.0  15.5 1729
 1723  14.0   3.0   6.0 1733
 1724  16.0   3.0   6.0 1733
 1733   7.0   3.0  10.5 1729
 1722  13.0   3.0   7.5 1729
 1721  13.0   3.0  13.5 1728
 1720  13.0   3.0   3.5 1728
 1719  13.0   3.0  21.5 1728
 1718  13.0   3.0  13.5 1727
 1725  14.0   7.0  14.0 1726
 1726  18.0   7.0  18.0 1727
 1727  18.0   7.0  18.0 1728
 1728  16.0   7.0  16.0 1729
 1729  10.5   3.0   3.0 1731
 1731   3.0   3.0   2.0 1799
 1717  13.0   3.0  13.5 1727
 1716  13.0   3.0  21.5 1726
 1715  13.0   3.0   3.5 1726
 1714  13.0   3.0  13.5 1726
 1713  13.0   3.0   3.5 1725
 1725  15.0   3.0   3.0 1730
 1730   3.0   3.0   2.0 1798
 1801  22.0   3.0  28.0 1825
 1802  16.0   3.0  22.0 1825
 1811  12.0   3.0  22.0 1825
 1812  24.0   3.0  28.0 1825
 1803  13.0   3.0   3.5 1825
 1804  13.0   3.0  13.5 1826
 1805  13.0   3.0   3.5 1826
 1806  13.0   3.0  21.5 1826
 1807  13.0   3.0  13.5 1828
 1808  13.0   3.0   7.5 1829
 1809  14.0   3.0   4.0 1832
 1810  10.0   3.0   4.0 1832
 1832   4.0   3.0  15.5 1829
 1823  14.0   3.0   6.0 1833
 1824  16.0   3.0   6.0 1833
 1833   7.0   3.0  10.5 1829
 1822  13.0   3.0   7.5 1829
 1821  13.0   3.0  13.5 1828
 1820  13.0   3.0   3.5 1828
 1819  13.0   3.0  21.5 1828
 1818  13.0   3.0  13.5 1827
 1825  14.0   7.0  14.0 1826
 1826  18.0   7.0  18.0 1827
 1827  18.0   7.0  18.0 1828
 1828  16.0   7.0  16.0 1829
 1829  10.5   3.0   3.0 1831
 1831   3.0   3.0   2.0 1899
 1817  13.0   3.0  13.5 1827
 1816  13.0   3.0  21.5 1826
 1815  13.0   3.0   3.5 1826
 1814  13.0   3.0  13.5 1826
 1813  13.0   3.0   3.5 1825
 1825  15.0   3.0   3.0 1830
 1830   3.0   3.0   2.0 1898
 1901  22.0   3.0  28.0 1925
 1902  16.0   3.0  22.0 1925
 1911  12.0   3.0  22.0 1925
 1912  24.0   3.0  28.0 1925
 1903  13.0   3.0   3.5 1925
 1904  13.0   3.0  13.5 1926
 1905  13.0   3.0   3.5 1926
 1906  13.0   3.0  21.5 1926
 1907  13.0   3.0  13.5 1928
 1908  13.0   3.0   7.5 1929
 1909  14.0   3.0   4.0 1932
 1910  10.0   3.0   4.0 1932
 1932   4.0   3.0  15.5 1929
 1923  14.0   3.0   6.0 1933
 1924  16.0   3.0   6.0 1933
 1933   7.0   3.0  10.5 1929
 1922  13.0   3.0   7.5 1929
 1921  13.0   3.0  13.5 1928
 1920  13.0   3.0   3.5 1928
 1919  13.0   3.0  21.5 1928
 1918  13.0   3.0  13.5 1927
 1925  14.0   7.0  14.0 1926
 1926  18.0   7.0  18.0 1927
 1927  18.0   7.0  18.0 1928
 1928  16.0   7.0  16.0 1929
 1929  10.5   3.0   3.0 1931
 1931   3.0   3.0   2.0 1999
 1917  13.0   3.0  13.5 1927
 1916  13.0   3.0  21.5 1926
 1915  13.0   3.0   3.5 1926
 1914  13.0   3.0  13.5 1926
 1913  13.0   3.0   3.5 1925
 1925  15.0   3.0   3.0 1930
 1930   3.0   3.0   2.0 1998
 2001  22.0   3.0  28.0 2025
 2002  16.0   3.0  22.0 2025
 2011  12.0   3.0  22.0 2025
 2012  24.0   3.0  28.0 2025
 2003  13.0   3.0   3.5 2025
 2004  13.0   3.0  13.5 2026
 2005  13.0   3.0   3.5 2026
 2006  13.0   3.0  21.5 2026
 2007  13.0   3.0  13.5 2028
 2008  13.0   3.0   7.5 2029
 2009  14.0   3.0   4.0 2032
 2010  10.0   3.0   4.0 2032
 2032   4.0   3.0  15.5 2029
 2023  14.0   3.0   6.0 2033
 2024  16.0   3.0   6.0 2033
 2033   7.0   3.0  10.5 2029
 2022  13.0   3.0   7.5 2029
 2021  13.0   3.0  13.5 2028
 2020  13.0   3.0   3.5 2028
 2019  13.0   3.0  21.5 2028
 2018  13.0   3.0  13.5 2027
 2025  14.0   7.0  14.0 2026
 2026  18.0   7.0  18.0 2027
 2027  18.0   7.0  18.0 2028
 2028  16.0   7.0  16.0 2029
 2029  10.5   3.0   3.0 2031
 2031   3.0   3.0   2.0 2099
 2017  13.0   3.0  13.5 2027
 2016  13.0   3.0  21.5 2026
 2015  13.0   3.0   3.5 2026
 2014  13.0   3.0  13.5 2026
 2013  13.0   3.0   3.5 2025
 2025  15.0   3.0   3.0 2030
 2030   3.0   3.0   2.0 2098
 2101  22.0   3.0  28.0 2123
 2102  16.0   3.0  22.0 2123
 2110  12.0   3.0  22.0 2123
 2111  24.0   3.0  28.0 2123
 2103  13.0   3.0   3.5 2123
 2104  13.0   3.0  13.5 2124
 2105  13.0   3.0   3.5 2124
 2106  13.0   3.0  21.5 2124
 2107  13.0   3.0  13.5 2126
 2108  13.0   3.0   8.5 2127
 2109  26.0   3.0   9.0 2127
 2122  26.0   3.0   6.5 2127
 2121  13.0   3.0   7.5 2127
 2120  13.0   3.0  13.5 2126
 2119  13.0   3.0   3.5 2126
 2118  13.0   3.0  21.5 2126
 2117  13.0   3.0  13.5 2125
 2123  14.0   7.0  14.0 2124
 2124  18.0   7.0  18.0 2125
 2125  18.0   7.0  18.0 2126
 2126  16.0   7.0  16.0 2127
 2127  10.5   3.0   3.0 2129
 2129   3.0   3.0   2.0 2199
 2116  13.0   3.0  13.5 2125
 2115  13.0   3.0  21.5 2124
 2114  13.0   3.0   3.5 2124
 2113  13.0   3.0  13.5 2124
 2112  13.0   3.0   3.5 2123
 2123  15.0   3.0   3.0 2128
 2128   3.0   3.0   2.0 2198
 2201  22.0   3.0  28.0 2223
 2202  16.0   3.0  22.0 2223
 2210  12.0   3.0  22.0 2223
 2211  24.0   3.0  28.0 2223
 2203  13.0   3.0   3.5 2223
 2204  13.0   3.0  13.5 2224
 2205  13.0   3.0   3.5 2224
 2206  13.0   3.0  21.5 2224
 2207  13.0   3.0  13.5 2226
 2208  13.0   3.0   8.5 2227
 2209  26.0   3.0   9.0 2227
 2222  26.0   3.0   6.5 2227
 2221  13.0   3.0   7.5 2227
 2220  13.0   3.0  13.5 2226
 2219  13.0   3.0   3.5 2226
 2218  13.0   3.0  21.5 2226
 2217  13.0   3.0  13.5 2225
 2223  14.0   7.0  14.0 2224
 2224  18.0   7.0  18.0 2225
 2225  18.0   7.0  18.0 2226
 2226  16.0   7.0  16.0 2227
 2227  10.5   3.0   3.0 2229
 2229   3.0   3.0   2.0 2299
 2216  13.0   3.0  13.5 2225
 2215  13.0   3.0  21.5 2224
 2214  13.0   3.0   3.5 2224
 2213  13.0   3.0  13.5 2224
 2212  13.0   3.0   3.5 2223
 2223  15.0   3.0   3.0 2228
 2228   3.0   3.0   2.0 2298
 2298  15.5   3.7  15.5 2198
 2198  15.5   3.7  15.5 2098
 2098  15.5   3.7  15.5 1998
 1998  15.5   3.7  15.5 1898
 1898  15.5   3.7  15.5 1798
 1798  15.5   3.7  15.5 1698
 1698  15.5   3.7  15.5 1598
 1598  15.5   3.7  15.5 1498
 1498  15.5   3.7  15.5 1398
 1398  15.5   3.7  15.5 1298
 1298  15.5   3.7  15.5 1198
 1198  15.5   3.7  15.5 1098
 1098  15.5   3.7  15.5  998
  998  15.5   3.7  15.5  898
  898  15.5   3.7  15.5  798
  798  15.5   3.7  15.5  698
  698  15.5   3.7  15.5  598
  598  15.5   3.7  15.5  498
  498  15.5   3.7  15.5  398
  398  15.5   3.7  15.5  298
  298  15.5   3.7  15.5  198
 2299  15.5   3.7  15.5 2199
 2199  15.5   3.7  15.5 2099
 2099  15.5   3.7  15.5 1999
 1999  15.5   3.7  15.5 1899
 1899  15.5   3.7  15.5 1799
 1799  15.5   3.7  15.5 1699
 1699  15.5   3.7  15.5 1599
 1599  15.5   3.7  15.5 1499
 1499  15.5   3.7  15.5 1399
 1399  15.5   3.7  15.5 1299
 1299  15.5   3.7  15.5 1199
 1199  15.5   3.7  15.5 1099
 1099  15.5   3.7  15.5  999
  999  15.5   3.7  15.5  899
  899  15.5   3.7  15.5  799
  799  15.5   3.7  15.5  699
  699  15.5   3.7  15.5  599
  599  15.5   3.7  15.5  499
  499  15.5   3.7  15.5  399
  399  15.5   3.7  15.5  299
  299  15.5   3.7  15.5  199
99999   0.0   0.0   0.0  000
  198   53  10.0   11    0    0    1   0.0
  199   53  10.0   11    0    0    1   0.0
  201  440  10.0   88    3    0    0   0.0
  202  350  10.0   70    2    0    0   0.0
  203  800  10.0  160    0    0    0   0.0
  204  350  10.0   70    2    0    0   0.0
  205  350  10.0   70    2    0    0   0.0
  206  350  10.0   70    2    0    0   0.0
  207  800  10.0  160    4    0    0   0.0
  208  350  10.0   70    2    0    0   0.0
  209  416  10.0   84    3    0    0   0.0
  210  350  10.0   70    2    0    0   0.0
  211  350  10.0   70    2    0    0   0.0
  212  350  10.0   70    2    0    0   0.0
  213  350  10.0   70    2    0    0   0.0
  214  350  10.0   70    2    0    0   0.0
  215  350  10.0   70    2    0    0   0.0
  216  350  10.0   70    2    0    0   0.0
  217  350  10.0   70    2    0    0   0.0
  218  350  10.0   70    2    0    0   0.0
  219  350  10.0   70    2    0    0   0.0
  220  800  10.0  160    4    0    0   0.0
  221  278  10.0   56    0    0    0   0.0
  222  252  10.0   51    0    0    0   0.0
  223  252  10.0   51    0    0    0   0.0
  224  252  10.0   51    0    0    0   0.0
  225  154  10.0   31    0    0    0   0.0
  226   45  10.0    9    0    0    0   0.0
  227   45  10.0    9    0    0    0   0.0
  298  112  10.0   23    0    0    1   0.0
  299  105  10.0   22    0    0    1   0.0
  301  440  10.0   88    3    0    0   0.0
  302  350  10.0   70    2    0    0   0.0
  303  350  10.0   70    2    0    0   0.0
  304  350  10.0   70    2    0    0   0.0
  305  350  10.0   70    2    0    0   0.0
  306  350  10.0   70    2    0    0   0.0
  307  350  10.0   70    2    0    0   0.0
  308  350  10.0   70    2    0    0   0.0
  309  350  10.0   70    2    0    0   0.0
  310  350  10.0   70    2    0    0   0.0
  311  350  10.0   70    2    0    0   0.0
  312  416  10.0   84    3    0    0   0.0
  313  350  10.0   70    2    0    0   0.0
  314  350  10.0   70    2    0    0   0.0
  315  350  10.0   70    2    0    0   0.0
  316  350  10.0   70    2    0    0   0.0
  317  350  10.0   70    2    0    0   0.0
  318  350  10.0   70    2    0    0   0.0
  319  350  10.0   70    2    0    0   0.0
  320  350  10.0   70    2    0    0   0.0
  321  350  10.0   70    2    0    0   0.0
  322  350  10.0   70    2    0    0   0.0
  323  350  10.0   70    2    0    0   0.0
  324  350  10.0   70    2    0    0   0.0
  325  278  10.0   56    0    0    0   0.0
  326  252  10.0   51    0    0    0   0.0
  327  252  10.0   51    0    0    0   0.0
  328  252  10.0   51    0    0    0   0.0
  329  154  10.0   31    0    0    0   0.0
  330   45  10.0    9    0    0    0   0.0
  331   45  10.0    9    0    0    0   0.0
  332  120  10.0   24    0    0    0   0.0
  333   48  10.0   10    0    0    0   0.0
  398  105  10.0   22    0    0    1   0.0
  399  105  10.0   22    0    0    1   0.0
  401  440  10.0   88    3    0    0   0.0
  402  350  10.0   70    2    0    0   0.0
  403  350  10.0   70    2    0    0   0.0
  404  350  10.0   70    2    0    0   0.0
  405  350  10.0   70    2    0    0   0.0
  406  350  10.0   70    2    0    0   0.0
  407  350  10.0   70    2    0    0   0.0
  408  350  10.0   70    2    0    0   0.0
  409  350  10.0   70    2    0    0   0.0
  410  350  10.0   70    2    0    0   0.0
  411  350  10.0   70    2    0    0   0.0
  412  416  10.0   84    3    0    0   0.0
  413  350  10.0   70    2    0    0   0.0
  414  350  10.0   70    2    0    0   0.0
  415  350  10.0   70    2    0    0   0.0
  416  350  10.0   70    2    0    0   0.0
  417  350  10.0   70    2    0    0   0.0
  418  350  10.0   70    2    0    0   0.0
  419  350  10.0   70    2    0    0   0.0
  420  350  10.0   70    2    0    0   0.0
  421  350  10.0   70    2    0    0   0.0
  422  350  10.0   70    2    0    0   0.0
  423  350  10.0   70    2    0    0   0.0
  424  350  10.0   70    2    0    0   0.0
  425  278  10.0   56    0    0    0   0.0
  426  252  10.0   51    0    0    0   0.0
  427  252  10.0   51    0    0    0   0.0
  428  252  10.0   51    0    0    0   0.0
  429  154  10.0   31    0    0    0   0.0
  430   45  10.0    9    0    0    0   0.0
  431   45  10.0    9    0    0    0   0.0
  432  120  10.0   24    0    0    0   0.0
  433   48  10.0   10    0    0    0   0.0
  498  105  10.0   22    0    0    1   0.0
  499  105  10.0   22    0    0    1   0.0
  501  440  10.0   88    3    0    0   0.0
  502  350  10.0   70    2    0    0   0.0
  503  350  10.0   70    2    0    0   0.0
  504  350  10.0   70    2    0    0   0.0
  505  350  10.0   70    2    0    0   0.0
  506  350  10.0   70    2    0    0   0.0
  507  350  10.0   70    2    0    0   0.0
  508  350  10.0   70    2    0    0   0.0
  509  350  10.0   70    2    0    0   0.0
  510  350  10.0   70    2    0    0   0.0
  511  350  10.0   70    2    0    0   0.0
  512  416  10.0   84    3    0    0   0.0
  513  350  10.0   70    2    0    0   0.0
  514  350  10.0   70    2    0    0   0.0
  515  350  10.0   70    2    0    0   0.0
  516  350  10.0   70    2    0    0   0.0
  517  350  10.0   70    2    0    0   0.0
  518  350  10.0   70    2    0    0   0.0
  519  350  10.0   70    2    0    0   0.0
  520  350  10.0   70    2    0    0   0.0
  521  350  10.0   70    2    0    0   0.0
  522  350  10.0   70    2    0    0   0.0
  523  350  10.0   70    2    0    0   0.0
  524  350  10.0   70    2    0    0   0.0
  525  278  10.0   56    0    0    0   0.0
  526  252  10.0   51    0    0    0   0.0
  527  252  10.0   51    0    0    0   0.0
  528  252  10.0   51    0    0    0   0.0
  529  154  10.0   31    0    0    0   0.0
  530   45  10.0    9    0    0    0   0.0
  531   45  10.0    9    0    0    0   0.0
  532  120  10.0   24    0    0    0   0.0
  533   48  10.0   10    0    0    0   0.0
  598  105  10.0   22    0    0    1   0.0
  599  105  10.0   22    0    0    1   0.0
  601  440  10.0   88    3    0    0   0.0
  602  350  10.0   70    2    0    0   0.0
  603  350  10.0   70    2    0    0   0.0
  604  350  10.0   70    2    0    0   0.0
  605  350  10.0   70    2    0    0   0.0
  606  350  10.0   70    2    0    0   0.0
  607  350  10.0   70    2    0    0   0.0
  608  350  10.0   70    2    0    0   0.0
  609  350  10.0   70    2    0    0   0.0
  610  350  10.0   70    2    0    0   0.0
  611  350  10.0   70    2    0    0   0.0
  612  416  10.0   84    3    0    0   0.0
  613  350  10.0   70    2    0    0   0.0
  614  350  10.0   70    2    0    0   0.0
  615  350  10.0   70    2    0    0   0.0
  616  350  10.0   70    2    0    0   0.0
  617  350  10.0   70    2    0    0   0.0
  618  350  10.0   70    2    0    0   0.0
  619  350  10.0   70    2    0    0   0.0
  620  350  10.0   70    2    0    0   0.0
  621  350  10.0   70    2    0    0   0.0
  622  350  10.0   70    2    0    0   0.0
  623  350  10.0   70    2    0    0   0.0
  624  350  10.0   70    2    0    0   0.0
  625  278  10.0   56    0    0    0   0.0
  626  252  10.0   51    0    0    0   0.0
  627  252  10.0   51    0    0    0   0.0
  628  252  10.0   51    0    0    0   0.0
  629  154  10.0   31    0    0    0   0.0
  630   45  10.0    9    0    0    0   0.0
  631   45  10.0    9    0    0    0   0.0
  632  120  10.0   24    0    0    0   0.0
  633   48  10.0   10    0    0    0   0.0
  698  105  10.0   22    0    0    1   0.0
  699  105  10.0   22    0    0    1   0.0
  701  440  10.0   88    3    0    0   0.0
  702  350  10.0   70    2    0    0   0.0
  703  350  10.0   70    2    0    0   0.0
  704  350  10.0   70    2    0    0   0.0
  705  350  10.0   70    2    0    0   0.0
  706  350  10.0   70    2    0    0   0.0
  707  350  10.0   70    2    0    0   0.0
  708  350  10.0   70    2    0    0   0.0
  709  350  10.0   70    2    0    0   0.0
  710  350  10.0   70    2    0    0   0.0
  711  350  10.0   70    2    0    0   0.0
  712  416  10.0   84    3    0    0   0.0
  713  350  10.0   70    2    0    0   0.0
  714  350  10.0   70    2    0    0   0.0
  715  350  10.0   70    2    0    0   0.0
  716  350  10.0   70    2    0    0   0.0
  717  350  10.0   70    2    0    0   0.0
  718  350  10.0   70    2    0    0   0.0
  719  350  10.0   70    2    0    0   0.0
  720  350  10.0   70    2    0    0   0.0
  721  350  10.0   70    2    0    0   0.0
  722  350  10.0   70    2    0    0   0.0
  723  350  10.0   70    2    0    0   0.0
  724  350  10.0   70    2    0    0   0.0
  725  278  10.0   56    0    0    0   0.0
  726  252  10.0   51    0    0    0   0.0
  727  252  10.0   51    0    0    0   0.0
  728  252  10.0   51    0    0    0   0.0
  729  154  10.0   31    0    0    0   0.0
  730   45  10.0    9    0    0    0   0.0
  731   45  10.0    9    0    0    0   0.0
  732  120  10.0   24    0    0    0   0.0
  733   48  10.0   10    0    0    0   0.0
  798  105  10.0   22    0    0    1   0.0
  799  105  10.0   22    0    0    1   0.0
  801  440  10.0   88    3    0    0   0.0
  802  350  10.0   70    2    0    0   0.0
  803  350  10.0   70    2    0    0   0.0
  804  350  10.0   70    2    0    0   0.0
  805  350  10.0   70    2    0    0   0.0
  806  350  10.0   70    2    0    0   0.0
  807  350  10.0   70    2    0    0   0.0
  808  350  10.0   70    2    0    0   0.0
  809  350  10.0   70    2    0    0   0.0
  810  350  10.0   70    2    0    0   0.0
  811  350  10.0   70    2    0    0   0.0
  812  416  10.0   84    3    0    0   0.0
  813  350  10.0   70    2    0    0   0.0
  814  350  10.0   70    2    0    0   0.0
  815  350  10.0   70    2    0    0   0.0
  816  350  10.0   70    2    0    0   0.0
  817  350  10.0   70    2    0    0   0.0
  818  350  10.0   70    2    0    0   0.0
  819  350  10.0   70    2    0    0   0.0
  820  350  10.0   70    2    0    0   0.0
  821  350  10.0   70    2    0    0   0.0
  822  350  10.0   70    2    0    0   0.0
  823  350  10.0   70    2    0    0   0.0
  824  350  10.0   70    2    0    0   0.0
  825  278  10.0   56    0    0    0   0.0
  826  252  10.0   51    0    0    0   0.0
  827  252  10.0   51    0    0    0   0.0
  828  252  10.0   51    0    0    0   0.0
  829  154  10.0   31    0    0    0   0.0
  830   45  10.0    9    0    0    0   0.0
  831   45  10.0    9    0    0    0   0.0
  832  120  10.0   24    0    0    0   0.0
  833   48  10.0   10    0    0    0   0.0
  898  105  10.0   22    0    0    1   0.0
  899  105  10.0   22    0    0    1   0.0
  901  440  10.0   88    3    0    0   0.0
  902  350  10.0   70    2    0    0   0.0
  903  350  10.0   70    2    0    0   0.0
  904  350  10.0   70    2    0    0   0.0
  905  350  10.0   70    2    0    0   0.0
  906  350  10.0   70    2    0    0   0.0
  907  350  10.0   70    2    0    0   0.0
  908  350  10.0   70    2    0    0   0.0
  909  350  10.0   70    2    0    0   0.0
  910  350  10.0   70    2    0    0   0.0
  911  350  10.0   70    2    0    0   0.0
  912  416  10.0   84    3    0    0   0.0
  913  350  10.0   70    2    0    0   0.0
  914  350  10.0   70    2    0    0   0.0
  915  350  10.0   70    2    0    0   0.0
  916  350  10.0   70    2    0    0   0.0
  917  350  10.0   70    2    0    0   0.0
  918  350  10.0   70    2    0    0   0.0
  919  350  10.0   70    2    0    0   0.0
  920  350  10.0   70    2    0    0   0.0
  921  350  10.0   70    2    0    0   0.0
  922  350  10.0   70    2    0    0   0.0
  923  350  10.0   70    2    0    0   0.0
  924  350  10.0   70    2    0    0   0.0
  925  278  10.0   56    0    0    0   0.0
  926  252  10.0   51    0    0    0   0.0
  927  252  10.0   51    0    0    0   0.0
  928  252  10.0   51    0    0    0   0.0
  929  154  10.0   31    0    0    0   0.0
  930   45  10.0    9    0    0    0   0.0
  931   45  10.0    9    0    0    0   0.0
  932  120  10.0   24    0    0    0   0.0
  933   48  10.0   10    0    0    0   0.0
  998  105  10.0   22    0    0    1   0.0
  999  105  10.0   22    0    0    1   0.0
 1001  440  10.0   88    3    0    0   0.0
 1002  350  10.0   70    2    0    0   0.0
 1003  350  10.0   70    2    0    0   0.0
 1004  350  10.0   70    2    0    0   0.0
 1005  350  10.0   70    2    0    0   0.0
 1006  350  10.0   70    2    0    0   0.0
 1007  350  10.0   70    2    0    0   0.0
 1008  350  10.0   70    2    0    0   0.0
 1009  350  10.0   70    2    0    0   0.0
 1010  350  10.0   70    2    0    0   0.0
 1011  350  10.0   70    2    0    0   0.0
 1012  416  10.0   84    3    0    0   0.0
 1013  350  10.0   70    2    0    0   0.0
 1014  350  10.0   70    2    0    0   0.0
 1015  350  10.0   70    2    0    0   0.0
 1016  350  10.0   70    2    0    0   0.0
 1017  350  10.0   70    2    0    0   0.0
 1018  350  10.0   70    2    0    0   0.0
 1019  350  10.0   70    2    0    0   0.0
 1020  350  10.0   70    2    0    0   0.0
 1021  350  10.0   70    2    0    0   0.0
 1022  350  10.0   70    2    0    0   0.0
 1023  350  10.0   70    2    0    0   0.0
 1024  350  10.0   70    2    0    0   0.0
 1025  278  10.0   56    0    0    0   0.0
 1026  252  10.0   51    0    0    0   0.0
 1027  252  10.0   51    0    0    0   0.0
 1028  252  10.0   51    0    0    0   0.0
 1029  154  10.0   31    0    0    0   0.0
 1030   45  10.0    9    0    0    0   0.0
 1031   45  10.0    9    0    0    0   0.0
 1032  120  10.0   24    0    0    0   0.0
 1033   48  10.0   10    0    0    0   0.0
 1098  105  10.0   22    0    0    1   0.0
 1099  105  10.0   22    0    0    1   0.0
 1101  440  10.0   88    3    0    0   0.0
 1102  350  10.0   70    2    0    0   0.0
 1103  350  10.0   70    2    0    0   0.0
 1104  350  10.0   70    2    0    0   0.0
 1105  350  10.0   70    2    0    0   0.0
 1106  350  10.0   70    2    0    0   0.0
 1107  350  10.0   70    2    0    0   0.0
 1108  350  10.0   70    2    0    0   0.0
 1109  350  10.0   70    2    0    0   0.0
 1110  350  10.0   70    2    0    0   0.0
 1111  350  10.0   70    2    0    0   0.0
 1112  416  10.0   84    3    0    0   0.0
 1113  350  10.0   70    2    0    0   0.0
 1114  350  10.0   70    2    0    0   0.0
 1115  350  10.0   70    2    0    0   0.0
 1116  350  10.0   70    2    0    0   0.0
 1117  350  10.0   70    2    0    0   0.0
 1118  350  10.0   70    2    0    0   0.0
 1119  350  10.0   70    2    0    0   0.0
 1120  350  10.0   70    2    0    0   0.0
 1121  350  10.0   70    2    0    0   0.0
 1122  350  10.0   70    2    0    0   0.0
 1123  350  10.0   70    2    0    0   0.0
 1124  350  10.0   70    2    0    0   0.0
 1125  278  10.0   56    0    0    0   0.0
 1126  252  10.0   51    0    0    0   0.0
 1127  252  10.0   51    0    0    0   0.0
 1128  252  10.0   51    0    0    0   0.0
 1129  154  10.0   31    0    0    0   0.0
 1130   45  10.0    9    0    0    0   0.0
 1131   45  10.0    9    0    0    0   0.0
 1132  120  10.0   24    0    0    0   0.0
 1133   48  10.0   10    0    0    0   0.0
 1198  105  10.0   22    0    0    1   0.0
 1199  105  10.0   22    0    0    1   0.0
 1201  440  10.0   88    3    0    0   0.0
 1202  350  10.0   70    2    0    0   0.0
 1203  350  10.0   70    2    0    0   0.0
 1204  350  10.0   70    2    0    0   0.0
 1205  350  10.0   70    2    0    0   0.0
 1206  350  10.0   70    2    0    0   0.0
 1207  350  10.0   70    2    0    0   0.0
 1208  350  10.0   70    2    0    0   0.0
 1209  350  10.0   70    2    0    0   0.0
 1210  350  10.0   70    2    0    0   0.0
 1211  350  10.0   70    2    0    0   0.0
 1212  416  10.0   84    3    0    0   0.0
 1213  350  10.0   70    2    0    0   0.0
 1214  350  10.0   70    2    0    0   0.0
 1215  350  10.0   70    2    0    0   0.0
 1216  350  10.0   70    2    0    0   0.0
 1217  350  10.0   70    2    0    0   0.0
 1218  350  10.0   70    2    0    0   0.0
 1219  350  10.0   70    2    0    0   0.0
 1220  350  10.0   70    2    0    0   0.0
 1221  350  10.0   70    2    0    0   0.0
 1222  350  10.0   70    2    0    0   0.0
 1223  350  10.0   70    2    0    0   0.0
 1224  350  10.0   70    2    0    0   0.0
 1225  278  10.0   56    0    0    0   0.0
 1226  252  10.0   51    0    0    0   0.0
 1227  252  10.0   51    0    0    0   0.0
 1228  252  10.0   51    0    0    0   0.0
 1229  154  10.0   31    0    0    0   0.0
 1230   45  10.0    9    0    0    0   0.0
 1231   45  10.0    9    0    0    0   0.0
 1232  120  10.0   24    0    0    0   0.0
 1233   48  10.0   10    0    0    0   0.0
 1298  105  10.0   22    0    0    1   0.0
 1299  105  10.0   22    0    0    1   0.0
 1301  440  10.0   88    3    0    0   0.0
 1302  350  10.0   70    2    0    0   0.0
 1303  350  10.0   70    2    0    0   0.0
 1304  350  10.0   70    2    0    0   0.0
 1305  350  10.0   70    2    0    0   0.0
 1306  350  10.0   70    2    0    0   0.0
 1307  350  10.0   70    2    0    0   0.0
 1308  350  10.0   70    2    0    0   0.0
 1309  350  10.0   70    2    0    0   0.0
 1310  350  10.0   70    2    0    0   0.0
 1311  350  10.0   70    2    0    0   0.0
 1312  416  10.0   84    3    0    0   0.0
 1313  350  10.0   70    2    0    0   0.0
 1314  350  10.0   70    2    0    0   0.0
 1315  350  10.0   70    2    0    0   0.0
 1316  350  10.0   70    2    0    0   0.0
 1317  350  10.0   70    2    0    0   0.0
 1318  350  10.0   70    2    0    0   0.0
 1319  350  10.0   70    2    0    0   0.0
 1320  350  10.0   70    2    0    0   0.0
 1321  350  10.0   70    2    0    0   0.0
 1322  350  10.0   70    2    0    0   0.0
 1323  350  10.0   70    2    0    0   0.0
 1324  350  10.0   70    2    0    0   0.0
 1325  278  10.0   56    0    0    0   0.0
 1326  252  10.0   51    0    0    0   0.0
 1327  252  10.0   51    0    0    0   0.0
 1328  252  10.0   51    0    0    0   0.0
 1329  154  10.0   31    0    0    0   0.0
 1330   45  10.0    9    0    0    0   0.0
 1331   45  10.0    9    0    0    0   0.0
 1332  120  10.0   24    0    0    0   0.0
 1333   48  10.0   10    0    0    0   0.0
 1398  105  10.0   22    0    0    1   0.0
 1399  105  10.0   22    0    0    1   0.0
 1401  440  10.0   88    3    0    0   0.0
 1402  350  10.0   70    2    0    0   0.0
 1403  350  10.0   70    2    0    0   0.0
 1404  350  10.0   70    2    0    0   0.0
 1405  350  10.0   70    2    0    0   0.0
 1406  350  10.0   70    2    0    0   0.0
 1407  350  10.0   70    2    0    0   0.0
 1408  350  10.0   70    2    0    0   0.0
 1409  350  10.0   70    2    0    0   0.0
 1410  350  10.0   70    2    0    0   0.0
 1411  350  10.0   70    2    0    0   0.0
 1412  416  10.0   84    3    0    0   0.0
 1413  350  10.0   70    2    0    0   0.0
 1414  350  10.0   70    2    0    0   0.0
 1415  350  10.0   70    2    0    0   0.0
 1416  350  10.0   70    2    0    0   0.0
 1417  350  10.0   70    2    0    0   0.0
 1418  350  10.0   70    2    0    0   0.0
 1419  350  10.0   70    2    0    0   0.0
 1420  350  10.0   70    2    0    0   0.0
 1421  350  10.0   70    2    0    0   0.0
 1422  350  10.0   70    2    0    0   0.0
 1423  350  10.0   70    2    0    0   0.0
 1424  350  10.0   70    2    0    0   0.0
 1425  278  10.0   56    0    0    0   0.0
 1426  252  10.0   51    0    0    0   0.0
 1427  252  10.0   51    0    0    0   0.0
 1428  252  10.0   51    0    0    0   0.0
 1429  154  10.0   31    0    0    0   0.0
 1430   45  10.0    9    0    0    0   0.0
 1431   45  10.0    9    0    0    0   0.0
 1432  120  10.0   24    0    0    0   0.0
 1433   48  10.0   10    0    0    0   0.0
 1498  105  10.0   22    0    0    1   0.0
 1499  105  10.0   22    0    0    1   0.0
 1501  440  10.0   88    3    0    0   0.0
 1502  350  10.0   70    2    0    0   0.0
 1503  350  10.0   70    2    0    0   0.0
 1504  350  10.0   70    2    0    0   0.0
 1505  350  10.0   70    2    0    0   0.0
 1506  350  10.0   70    2    0    0   0.0
 1507  350  10.0   70    2    0    0   0.0
 1508  350  10.0   70    2    0    0   0.0
 1509  350  10.0   70    2    0    0   0.0
 1510  350  10.0   70    2    0    0   0.0
 1511  350  10.0   70    2    0    0   0.0
 1512  416  10.0   84    3    0    0   0.0
 1513  350  10.0   70    2    0    0   0.0
 1514  350  10.0   70    2    0    0   0.0
 1515  350  10.0   70    2    0    0   0.0
 1516  350  10.0   70    2    0    0   0.0
 1517  350  10.0   70    2    0    0   0.0
 1518  350  10.0   70    2    0    0   0.0
 1519  350  10.0   70    2    0    0   0.0
 1520  350  10.0   70    2    0    0   0.0
 1521  350  10.0   70    2    0    0   0.0
 1522  350  10.0   70    2    0    0   0.0
 1523  350  10.0   70    2    0    0   0.0
 1524  350  10.0   70    2    0    0   0.0
 1525  278  10.0   56    0    0    0   0.0
 1526  252  10.0   51    0    0    0   0.0
 1527  252  10.0   51    0    0    0   0.0
 1528  252  10.0   51    0    0    0   0.0
 1529  154  10.0   31    0    0    0   0.0
 1530   45  10.0    9    0    0    0   0.0
 1531   45  10.0    9    0    0    0   0.0
 1532  120  10.0   24    0    0    0   0.0
 1533   48  10.0   10    0    0    0   0.0
 1598  105  10.0   22    0    0    1   0.0
 1599  105  10.0   22    0    0    1   0.0
 1601  440  10.0   88    3    0    0   0.0
 1602  350  10.0   70    2    0    0   0.0
 1603  350  10.0   70    2    0    0   0.0
 1604  350  10.0   70    2    0    0   0.0
 1605  350  10.0   70    2    0    0   0.0
 1606  350  10.0   70    2    0    0   0.0
 1607  350  10.0   70    2    0    0   0.0
 1608  350  10.0   70    2    0    0   0.0
 1609  350  10.0   70    2    0    0   0.0
 1610  350  10.0   70    2    0    0   0.0
 1611  350  10.0   70    2    0    0   0.0
 1612  416  10.0   84    3    0    0   0.0
 1613  350  10.0   70    2    0    0   0.0
 1614  350  10.0   70    2    0    0   0.0
 1615  350  10.0   70    2    0    0   0.0
 1616  350  10.0   70    2    0    0   0.0
 1617  350  10.0   70    2    0    0   0.0
 1618  350  10.0   70    2    0    0   0.0
 1619  350  10.0   70    2    0    0   0.0
 1620  350  10.0   70    2    0    0   0.0
 1621  350  10.0   70    2    0    0   0.0
 1622  350  10.0   70    2    0    0   0.0
 1623  350  10.0   70    2    0    0   0.0
 1624  350  10.0   70    2    0    0   0.0
 1625  278  10.0   56    0    0    0   0.0
 1626  252  10.0   51    0    0    0   0.0
 1627  252  10.0   51    0    0    0   0.0
 1628  252  10.0   51    0    0    0   0.0
 1629  154  10.0   31    0    0    0   0.0
 1630   45  10.0    9    0    0    0   0.0
 1631   45  10.0    9    0    0    0   0.0
 1632  120  10.0   24    0    0    0   0.0
 1633   48  10.0   10    0    0    0   0.0
 1698  105  10.0   22    0    0    1   0.0
 1699  105  10.0   22    0    0    1   0.0
 1701  440  10.0   88    3    0    0   0.0
 1702  350  10.0   70    2    0    0   0.0
 1703  350  10.0   70    2    0    0   0.0
 1704  350  10.0   70    2    0    0   0.0
 1705  350  10.0   70    2    0    0   0.0
 1706  350  10.0   70    2    0    0   0.0
 1707  350  10.0   70    2    0    0   0.0
 1708  350  10.0   70    2    0    0   0.0
 1709  350  10.0   70    2    0    0   0.0
 1710  350  10.0   70    2    0    0   0.0
 1711  350  10.0   70    2    0    0   0.0
 1712  416  10.0   84    3    0    0   0.0
 1713  350  10.0   70    2    0    0   0.0
 1714  350  10.0   70    2    0    0   0.0
 1715  350  10.0   70    2    0    0   0.0
 1716  350  10.0   70    2    0    0   0.0
 1717  350  10.0   70    2    0    0   0.0
 1718  350  10.0   70    2    0    0   0.0
 1719  350  10.0   70    2    0    0   0.0
 1720  350  10.0   70    2    0    0   0.0
 1721  350  10.0   70    2    0    0   0.0
 1722  350  10.0   70    2    0    0   0.0
 1723  350  10.0   70    2    0    0   0.0
 1724  350  10.0   70    2    0    0   0.0
 1725  278  10.0   56    0    0    0   0.0
 1726  252  10.0   51    0    0    0   0.0
 1727  252  10.0   51    0    0    0   0.0
 1728  252  10.0   51    0    0    0   0.0
 1729  154  10.0   31    0    0    0   0.0
 1730   45  10.0    9    0    0    0   0.0
 1731   45  10.0    9    0    0    0   0.0
 1732  120  10.0   24    0    0    0   0.0
 1733   48  10.0   10    0    0    0   0.0
 1798  105  10.0   22    0    0    1   0.0
 1799  105  10.0   22    0    0    1   0.0
 1801  440  10.0   88    3    0    0   0.0
 1802  350  10.0   70    2    0    0   0.0
 1803  350  10.0   70    2    0    0   0.0
 1804  350  10.0   70    2    0    0   0.0
 1805  350  10.0   70    2    0    0   0.0
 1806  350  10.0   70    2    0    0   0.0
 1807  350  10.0   70    2    0    0   0.0
 1808  350  10.0   70    2    0    0   0.0
 1809  350  10.0   70    2    0    0   0.0
 1810  350  10.0   70    2    0    0   0.0
 1811  350  10.0   70    2    0    0   0.0
 1812  416  10.0   84    3    0    0   0.0
 1813  350  10.0   70    2    0    0   0.0
 1814  350  10.0   70    2    0    0   0.0
 1815  350  10.0   70    2    0    0   0.0
 1816  350  10.0   70    2    0    0   0.0
 1817  350  10.0   70    2    0    0   0.0
 1818  350  10.0   70    2    0    0   0.0
 1819  350  10.0   70    2    0    0   0.0
 1820  350  10.0   70    2    0    0   0.0
 1821  350  10.0   70    2    0    0   0.0
 1822  350  10.0   70    2    0    0   0.0
 1823  350  10.0   70    2    0    0   0.0
 1824  350  10.0   70    2    0    0   0.0
 1825  278  10.0   56    0    0    0   0.0
 1826  252  10.0   51    0    0    0   0.0
 1827  252  10.0   51    0    0    0   0.0
 1828  252  10.0   51    0    0    0   0.0
 1829  154  10.0   31    0    0    0   0.0
 1830   45  10.0    9    0    0    0   0.0
 1831   45  10.0    9    0    0    0   0.0
 1832  120  10.0   24    0    0    0   0.0
 1833   48  10.0   10    0    0    0   0.0
 1898  105  10.0   22    0    0    1   0.0
 1899  105  10.0   22    0    0    1   0.0
 1901  440  10.0   88    3    0    0   0.0
 1902  350  10.0   70    2    0    0   0.0
 1903  350  10.0   70    2    0    0   0.0
 1904  350  10.0   70    2    0    0   0.0
 1905  350  10.0   70    2    0    0   0.0
 1906  350  10.0   70    2    0    0   0.0
 1907  350  10.0   70    2    0    0   0.0
 1908  350  10.0   70    2    0    0   0.0
 1909  350  10.0   70    2    0    0   0.0
 1910  350  10.0   70    2    0    0   0.0
 1911  350  10.0   70    2    0    0   0.0
 1912  416  10.0   84    3    0    0   0.0
 1913  350  10.0   70    2    0    0   0.0
 1914  350  10.0   70    2    0    0   0.0
 1915  350  10.0   70    2    0    0   0.0
 1916  350  10.0   70    2    0    0   0.0
 1917  350  10.0   70    2    0    0   0.0
 1918  350  10.0   70    2    0    0   0.0
 1919  350  10.0   70    2    0    0   0.0
 1920  350  10.0   70    2    0    0   0.0
 1921  350  10.0   70    2    0    0   0.0
 1922  350  10.0   70    2    0    0   0.0
 1923  350  10.0   70    2    0    0   0.0
 1924  350  10.0   70    2    0    0   0.0
 1925  278  10.0   56    0    0    0   0.0
 1926  252  10.0   51    0    0    0   0.0
 1927  252  10.0   51    0    0    0   0.0
 1928  252  10.0   51    0    0    0   0.0
 1929  154  10.0   31    0    0    0   0.0
 1930   45  10.0    9    0    0    0   0.0
 1931   45  10.0    9    0    0    0   0.0
 1932  120  10.0   24    0    0    0   0.0
 1933   48  10.0   10    0    0    0   0.0
 1998  105  10.0   22    0    0    1   0.0
 1999  105  10.0   22    0    0    1   0.0
 2001  440  10.0   88    3    0    0   0.0
 2002  350  10.0   70    2    0    0   0.0
 2003  350  10.0   70    2    0    0   0.0
 2004  350  10.0   70    2    0    0   0.0
 2005  350  10.0   70    2    0    0   0.0
 2006  350  10.0   70    2    0    0   0.0
 2007  350  10.0   70    2    0    0   0.0
 2008  350  10.0   70    2    0    0   0.0
 2009  350  10.0   70    2    0    0   0.0
 2010  350  10.0   70    2    0    0   0.0
 2011  350  10.0   70    2    0    0   0.0
 2012  416  10.0   84    3    0    0   0.0
 2013  350  10.0   70    2    0    0   0.0
 2014  350  10.0   70    2    0    0   0.0
 2015  350  10.0   70    2    0    0   0.0
 2016  350  10.0   70    2    0    0   0.0
 2017  350  10.0   70    2    0    0   0.0
 2018  350  10.0   70    2    0    0   0.0
 2019  350  10.0   70    2    0    0   0.0
 2020  350  10.0   70    2    0    0   0.0
 2021  350  10.0   70    2    0    0   0.0
 2022  350  10.0   70    2    0    0   0.0
 2023  350  10.0   70    2    0    0   0.0
 2024  350  10.0   70    2    0    0   0.0
 2025  278  10.0   56    0    0    0   0.0
 2026  252  10.0   51    0    0    0   0.0
 2027  252  10.0   51    0    0    0   0.0
 2028  252  10.0   51    0    0    0   0.0
 2029  154  10.0   31    0    0    0   0.0
 2030   45  10.0    9    0    0    0   0.0
 2031   45  10.0    9    0    0    0   0.0
 2032  120  10.0   24    0    0    0   0.0
 2033   48  10.0   10    0    0    0   0.0
 2098  105  10.0   22    0    0    1   0.0
 2099  105  10.0   22    0    0    1   0.0
 2101  440  10.0   88    3    0    0   0.0
 2102  350  10.0   70    2    0    0   0.0
 2103  350  10.0   70    2    0    0   0.0
 2104  350  10.0   70    2    0    0   0.0
 2105  350  10.0   70    2    0    0   0.0
 2106  350  10.0   70    2    0    0   0.0
 2107  350  10.0   70    2    0    0   0.0
 2108  350  10.0   70    2    0    0   0.0
 2109  800  10.0  160    4    0    0   0.0
 2110  350  10.0   70    2    0    0   0.0
 2111  416  10.0   84    3    0    0   0.0
 2112  350  10.0   70    2    0    0   0.0
 2113  350  10.0   70    2    0    0   0.0
 2114  350  10.0   70    2    0    0   0.0
 2115  350  10.0   70    2    0    0   0.0
 2116  350  10.0   70    2    0    0   0.0
 2117  350  10.0   70    2    0    0   0.0
 2118  350  10.0   70    2    0    0   0.0
 2119  350  10.0   70    2    0    0   0.0
 2120  350  10.0   70    2    0    0   0.0
 2121  350  10.0   70    2    0    0   0.0
 2122  800  10.0  160    4    0    0   0.0
 2123  278  10.0   56    0    0    0   0.0
 2124  252  10.0   51    0    0    0   0.0
 2125  252  10.0   51    0    0    0   0.0
 2126  252  10.0   51    0    0    0   0.0
 2127  154  10.0   31    0    0    0   0.0
 2128   45  10.0    9    0    0    0   0.0
 2129   45  10.0    9    0    0    0   0.0
 2198  105  10.0   22    0    0    1   0.0
 2199  105  10.0   22    0    0    1   0.0
 2201  440  10.0   88    3    0    0   0.0
 2202  350  10.0   70    2    0    0   0.0
 2203  350  10.0   70    2    0    0   0.0
 2204  350  10.0   70    2    0    0   0.0
 2205  350  10.0   70    2    0    0   0.0
 2206  350  10.0   70    2    0    0   0.0
 2207  350  10.0   70    2    0    0   0.0
 2208  350  10.0   70    2    0    0   0.0
 2209  800  10.0  160    4    0    0   0.0
 2210  350  10.0   70    2    0    0   0.0
 2211  416  10.0   84    3    0    0   0.0
 2212  350  10.0   70    2    0    0   0.0
 2213  350  10.0   70    2    0    0   0.0
 2214  350  10.0   70    2    0    0   0.0
 2215  350  10.0   70    2    0    0   0.0
 2216  350  10.0   70    2    0    0   0.0
 2217  350  10.0   70    2    0    0   0.0
 2218  350  10.0   70    2    0    0   0.0
 2219  350  10.0   70    2    0    0   0.0
 2220  350  10.0   70    2    0    0   0.0
 2221  350  10.0   70    2    0    0   0.0
 2222  800  10.0  160    4    0    0   0.0
 2223  278  10.0   56    0    0    0   0.0
 2224  252  10.0   51    0    0    0   0.0
 2225  252  10.0   51    0    0    0   0.0
 2226  252  10.0   51    0    0    0   0.0
 2227  154  10.0   31    0    0    0   0.0
 2228   45  10.0    9    0    0    0   0.0
 2229   45  10.0    9    0    0    0   0.0
 2298   53  10.0   11    0    0    1   0.0
 2299   53  10.0   11    0    0    1   0.0
9999 9999
